length_of_stay:
  jepa:
    mae: 6.188223361968994
    mse: 52.164241790771484
    r2: -0.011343955993652344
  random:
    mae: 10.609241441472639
    mse: 171.55642111659603
    r2: -2.326081948715011
  raw:
    mae: 6.609038664267781
    mse: 58.932871325026845
    r2: -0.14257197850319403
mortality:
  jepa:
    accuracy: 0.6944444444444444
    auc: 0.4290909090909091
    f1: 0.0
    precision: 0.0
    recall: 0.0
  random:
    accuracy: 0.6111111111111112
    auc: 0.4909090909090909
    f1: 0.25
    precision: 0.30434782608695654
    recall: 0.21212121212121213
  raw:
    accuracy: 0.6759259259259259
    auc: 0.5264646464646465
    f1: 0.2222222222222222
    precision: 0.4166666666666667
    recall: 0.15151515151515152
