length_of_stay:
  linear_probe:
    mae: 6.188223361968994
    mse: 52.164241790771484
    r2: -0.011343955993652344
  random_forest:
    mae: 6.270420717132443
    mse: 53.51062974098303
    r2: -0.03744726363167716
mortality:
  linear_probe:
    accuracy: 0.6944444444444444
    auc: 0.4290909090909091
    f1: 0.0
    precision: 0.0
    recall: 0.0
  random_forest:
    accuracy: 0.6944444444444444
    auc: 0.505050505050505
    f1: 0.0
    precision: 0.0
    recall: 0.0
readmission:
  linear_probe:
    accuracy: 0.7870370370370371
    auc: 0.4439897698209718
    f1: 0.8808290155440415
    precision: 0.7870370370370371
    recall: 1.0
  random_forest:
    accuracy: 0.7870370370370371
    auc: 0.4475703324808184
    f1: 0.8808290155440415
    precision: 0.7870370370370371
    recall: 1.0
